4294967279,522
4294967279,521
4294967278,330
4294967294,1248
4294967294,1155
4294967294,162
4294967294,401
4294967294,1079
4294967294,1157
18,4
18,3
18,2
18,1
4294967279,520
4294967294,471
4294967294,469
17,5
17,4
17,3
17,2
17,1
4294967279,137
4294967294,120
4294967294,439
4294967278,329
4294967278,328
4294967294,419
4294967294,1160
4294967279,274
4294967279,519
4294967278,327
16,4
16,3
16,2
16,1
4294967294,61
4294967279,267
15,4
15,2
15,1
4294967279,266
4294967279,518
4294967279,284
4294967278,326
4294967279,517
4294967278,325
4294967279,261
4294967279,259
4294967278,324
4294967278,323
4294967278,260
4294967278,0
4294967279,258
4294967279,280
4294967278,322
4294967279,516
4294967278,321
4294967279,515
4294967278,320
4294967279,514
4294967279,513
14,5
4294967278,319
14,4
4294967279,512
14,3
14,2
14,1
4294967279,319
4294967278,318
4294967279,318
4294967278,317
4294967279,317
4294967278,316
4294967278,315
4294967278,251
4294967278,248
4294967279,316
4294967279,260
4294967278,246
4294967278,247
4294967278,244
4294967294,470
4294967278,243
4294967278,240
4294967278,236
4294967278,238
13,5
13,4
4294967278,237
13,2
13,1
4294967278,314
4294967278,234
4294967278,235
4294967278,233
4294967278,229
4294967294,50
4294967294,392
4294967294,390
4294967278,227
4294967278,225
4294967278,222
4294967278,220
4294967278,221
4294967278,218
4294967278,217
4294967278,214
4294967278,211
4294967278,213
12,5
12,4
4294967278,212
12,3
12,2
12,1
4294967278,313
4294967278,312
4294967278,208
4294967278,311
4294967278,310
4294967279,315
4294967278,207
4294967294,387
4294967278,309
4294967278,308
4294967294,107
4294967294,1425
4294967294,393
4294967278,204
4294967294,1246
4294967278,307
4294967278,306
4294967279,314
4294967294,7
4294967294,12
4294967294,68
4294967294,11
4294967278,132
4294967278,131
4294967278,130
4294967278,129
4294967278,128
4294967278,127
4294967278,126
4294967278,125
4294967278,124
4294967278,123
4294967278,122
4294967278,121
4294967278,120
4294967278,119
4294967278,118
4294967278,117
4294967278,116
4294967278,115
4294967278,114
4294967278,113
4294967278,112
4294967278,111
4294967278,110
4294967278,109
4294967278,108
4294967278,107
4294967278,106
4294967278,105
4294967278,104
4294967278,103
4294967278,102
4294967278,101
4294967278,100
4294967278,99
4294967278,98
4294967278,97
4294967278,96
4294967278,95
4294967278,94
4294967278,93
4294967278,92
4294967278,91
4294967278,87
4294967278,85
4294967278,83
4294967278,82
4294967278,81
4294967278,80
4294967278,79
4294967278,78
4294967278,77
4294967278,76
4294967278,75
4294967278,74
4294967278,73
4294967278,72
4294967278,71
4294967278,70
4294967278,69
4294967278,68
4294967278,67
4294967278,66
4294967278,65
4294967278,64
4294967278,63
4294967278,62
4294967278,61
4294967278,60
4294967278,59
4294967278,58
4294967278,57
4294967278,56
4294967278,55
4294967278,54
4294967278,53
4294967278,52
4294967278,51
4294967278,50
4294967278,49
4294967278,48
4294967278,47
4294967278,46
4294967278,45
4294967278,44
4294967278,43
4294967278,42
4294967278,41
4294967278,40
4294967278,39
4294967278,38
4294967278,37
4294967279,18
4294967279,16
4294967279,11
4294967279,10
4294967279,9
4294967279,8
4294967279,7
4294967279,6
4294967279,5
4294967279,4
0,5
4294967294,1072
4294967294,186
4294967294,9
4294967294,1068
4294967294,17
4294967294,99
4294967279,313
4294967294,81
4294967278,305
4294967278,90
4294967279,312
4294967294,22
4294967294,67
4294967278,201
4294967278,304
4294967278,89
4294967279,311
4294967278,200
4294967294,38
4294967294,44
4294967294,438
4294967294,2
4294967294,52
4294967294,1
4294967294,1086
4294967294,28
4294967294,1087
4294967294,27
4294967294,26
4294967294,92
4294967294,90
4294967294,86
4294967294,46
4294967294,0
4294967294,43
4294967294,25
4294967294,1163
4294967278,199
4294967278,303
4294967278,86
4294967279,310
4294967294,89
4294967278,198
4294967294,1249
4294967278,302
4294967278,84
4294967279,309
4294967278,195
4294967294,6
4294967294,94
4294967294,96
11,5
4294967278,194
11,4
11,3
11,2
11,1
4294967279,308
4294967279,0
4294967278,193
4294967294,8
0,7
4294967294,40
4294967294,93
4294967294,95
4294967294,5
4294967279,307
4294967278,301
4294967279,306
4294967278,300
4294967279,305
4294967294,1166
4294967278,299
4294967279,304
4294967278,298
4294967279,303
10,4
10,2
10,1
4294967278,297
9,4
9,2
9,1
4294967279,302
4294967279,301
4294967278,296
8,4
8,3
8,2
8,1
4294967278,295
4294967294,1243
4294967279,300
4294967278,294
4294967278,293
4294967279,299
4294967279,298
4294967278,292
4294967279,297
4294967278,291
4294967279,296
4294967278,290
4294967279,295
4294967278,289
